{
   "aabb_scale" : 4,
   "camera_angle_x" : 1.499342590589542,
   "camera_angle_y" : 1.499566387374954,
   "cx" : 1439.50,
   "cy" : 1439.50,
   "fl_x" : 1546.752745311162,
   "fl_y" : 1546.405743162014,
   "frames" : [
      {
         "file_path" : "images/1646625026.774003200_front.png",
         "sharpness" : 2.954000558269985,
         "transform_matrix" : [
            [
               -0.05308087798240513,
               -0.0006394652855755555,
               -0.9985899315193277,
               -1.57072890365090
            ],
            [
               0.9954014972158617,
               0.07981944956635469,
               -0.05296257482444517,
               -2.088927802870042
            ],
            [
               0.07974079284979316,
               -0.9968086300644621,
               -0.003600305751853230,
               0.05199621591962167
            ],
            [ 0.0, 0.0, 0.0, 1.0 ]
         ]
      },
      {
         "file_path" : "images/1646625029.614003200_front.png",
         "sharpness" : 2.960148212990065,
         "transform_matrix" : [
            [
               -0.1648465445063329,
               -0.05683888036245684,
               -0.9846797024281672,
               -0.5327541589113622
            ],
            [
               0.9850247967474143,
               0.04164718185275634,
               -0.1673090045578194,
               -1.958266281449072
            ],
            [
               0.05051886477516405,
               -0.9975143458564152,
               0.04912231210729893,
               0.05211673563078556
            ],
            [ 0.0, 0.0, 0.0, 1.0 ]
         ]
      },
      {
         "file_path" : "images/1646625032.134003200_front.png",
         "sharpness" : 2.947166014712618,
         "transform_matrix" : [
            [
               -0.1076572041711057,
               -0.06983542332538328,
               -0.9917321859569928,
               0.4744102512066914
            ],
            [
               0.9911832656463347,
               0.06995977489286330,
               -0.1125241119809756,
               -1.746617502749916
            ],
            [
               0.07723960116177819,
               -0.9951017389958342,
               0.06168798083854246,
               0.06247952539603585
            ],
            [ 0.0, 0.0, 0.0, 1.0 ]
         ]
      },
      {
         "file_path" : "images/1646625034.974003200_front.png",
         "sharpness" : 2.854067693478502,
         "transform_matrix" : [
            [
               -0.1922168931740193,
               -0.05427932506991752,
               -0.9798499947223411,
               1.462780697510564
            ],
            [
               0.9803532440415251,
               0.03442168653536370,
               -0.1942218675250780,
               -1.639505425444147
            ],
            [
               0.04427030488387807,
               -0.9979320805000902,
               0.04659648480669304,
               0.05570765576728121
            ],
            [ 0.0, 0.0, 0.0, 1.0 ]
         ]
      },
      {
         "file_path" : "images/1646625037.974003200_front.png",
         "sharpness" : 2.943371667963310,
         "transform_matrix" : [
            [
               -0.5572732308074834,
               -0.1007254526166674,
               -0.8241968250290987,
               2.246260913301246
            ],
            [
               0.8250080313808558,
               0.04502957544456029,
               -0.5633250738429608,
               -1.402122775428165
            ],
            [
               0.09385442138710025,
               -0.9938941640885381,
               0.05800536054132221,
               0.06814476742924158
            ],
            [ 0.0, 0.0, 0.0, 1.0 ]
         ]
      },
      {
         "file_path" : "images/1646625039.214003200_front.png",
         "sharpness" : 2.738221412765817,
         "transform_matrix" : [
            [
               -0.8484541024997243,
               -0.1211713842780225,
               -0.5152104032116734,
               2.583833802434505
            ],
            [
               0.5221031227662093,
               -0.03198128417209707,
               -0.8522821967550220,
               -1.183061013369815
            ],
            [
               0.08679555828146750,
               -0.9921162164776997,
               0.09039878167847674,
               0.06721218452868072
            ],
            [ 0.0, 0.0, 0.0, 1.0 ]
         ]
      },
      {
         "file_path" : "images/1646625040.894003200_front.png",
         "sharpness" : 2.530484614111474,
         "transform_matrix" : [
            [
               -0.9852453028662451,
               -0.09028240490946204,
               -0.1453974432848274,
               2.823620345797313
            ],
            [
               0.1494286795109507,
               -0.03959613706065238,
               -0.9879790548607231,
               -0.7883723574294637
            ],
            [
               0.08343999997161625,
               -0.9951286028914771,
               0.05250272508978567,
               0.06531370028247785
            ],
            [ 0.0, 0.0, 0.0, 1.0 ]
         ]
      },
      {
         "file_path" : "images/1646625043.454003200_front.png",
         "sharpness" : 2.527447895092730,
         "transform_matrix" : [
            [
               -0.9960595636118673,
               -0.07588173051689519,
               0.04590538521696175,
               2.691753374094718
            ],
            [
               -0.04048849517359933,
               -0.07144265426744396,
               -0.9966218679013720,
               0.1839199239519384
            ],
            [
               0.07890505179932970,
               -0.9945537034491831,
               0.06808878074976343,
               0.06194983612139182
            ],
            [ 0.0, 0.0, 0.0, 1.0 ]
         ]
      },
      {
         "file_path" : "images/1646625045.654003200_front.png",
         "sharpness" : 2.510418443560948,
         "transform_matrix" : [
            [
               -0.9505273841805510,
               -0.05974131458068586,
               0.304843664503070,
               2.685991814467236
            ],
            [
               -0.3019574075932393,
               -0.05272956352505338,
               -0.9518612932203241,
               1.127471630155942
            ],
            [
               0.07293976217224660,
               -0.9968196919709484,
               0.03208152514017493,
               0.05819918823823211
            ],
            [ 0.0, 0.0, 0.0, 1.0 ]
         ]
      },
      {
         "file_path" : "images/1646625046.854003200_front.png",
         "sharpness" : 2.091293557471283,
         "transform_matrix" : [
            [
               -0.7448597386952720,
               -0.03994265304059912,
               0.6660237862172261,
               2.573510083526319
            ],
            [
               -0.6644786947033842,
               -0.04599494579227596,
               -0.7458895827593065,
               1.561147595040496
            ],
            [
               0.06042662627432260,
               -0.9981425434480969,
               0.007718745543636852,
               0.04983958703907609
            ],
            [ 0.0, 0.0, 0.0, 1.0 ]
         ]
      },
      {
         "file_path" : "images/1646625048.054003200_front.png",
         "sharpness" : 1.824577974142288,
         "transform_matrix" : [
            [
               -0.402127171808440,
               0.02018924265689157,
               0.9153607366048071,
               2.244898249059947
            ],
            [
               -0.9136624597199118,
               -0.07357738860245143,
               -0.3997581620358168,
               1.864409424202968
            ],
            [
               0.059279153798680,
               -0.9970843138491650,
               0.04803361972319478,
               0.05764398602340270
            ],
            [ 0.0, 0.0, 0.0, 1.0 ]
         ]
      },
      {
         "file_path" : "images/1646625050.174003200_front.png",
         "sharpness" : 1.775139405625107,
         "transform_matrix" : [
            [
               -0.0007024509843531930,
               0.03339267820951187,
               0.9994418831040706,
               1.539028177273238
            ],
            [
               -0.9979124571888334,
               -0.06456512183491912,
               0.001455964256712316,
               2.102355031418069
            ],
            [
               0.06457773881805622,
               -0.9973542147918173,
               0.03336831105397144,
               0.05260982330419728
            ],
            [ 0.0, 0.0, 0.0, 1.0 ]
         ]
      },
      {
         "file_path" : "images/1646625052.414003200_front.png",
         "sharpness" : 1.822284610245559,
         "transform_matrix" : [
            [
               0.1278970587021673,
               0.06223033193975366,
               0.9898327847045745,
               0.5569987475059259
            ],
            [
               -0.9897554059057496,
               -0.05583840434640477,
               0.1313982225505053,
               2.029412419119196
            ],
            [
               0.06344757742321246,
               -0.9964984057173164,
               0.05445123313298142,
               0.05184226872119369
            ],
            [ 0.0, 0.0, 0.0, 1.0 ]
         ]
      },
      {
         "file_path" : "images/1646625054.734003200_front.png",
         "sharpness" : 2.549443551419008,
         "transform_matrix" : [
            [
               0.1203495166778517,
               0.02592540387233323,
               0.9923932676478333,
               -0.4166041376740506
            ],
            [
               -0.9888833584179307,
               -0.08480163743647316,
               0.1221385856008534,
               1.783843339162329
            ],
            [
               0.08732308792830498,
               -0.9960599457848104,
               0.01543137684228115,
               0.05950156241816285
            ],
            [ 0.0, 0.0, 0.0, 1.0 ]
         ]
      },
      {
         "file_path" : "images/1646625056.934003200_front.png",
         "sharpness" : 2.033568536462137,
         "transform_matrix" : [
            [
               0.1907858625374542,
               0.06940631745794595,
               0.9791743720319718,
               -1.380000507263452
            ],
            [
               -0.9778117815638155,
               -0.07447840951573582,
               0.1958000057440324,
               1.593645209496986
            ],
            [
               0.08651721376449886,
               -0.9948043022832275,
               0.05365681439238829,
               0.05059207524620535
            ],
            [ 0.0, 0.0, 0.0, 1.0 ]
         ]
      },
      {
         "file_path" : "images/1646625059.174003200_front.png",
         "sharpness" : 1.882962195296559,
         "transform_matrix" : [
            [
               0.4847974370400301,
               0.05032202347526086,
               0.8731775515051812,
               -2.315510889241335
            ],
            [
               -0.8718590413607419,
               -0.05155700444433985,
               0.4870360676231426,
               1.399320457230631
            ],
            [
               0.06952707979748397,
               -0.9974009603104388,
               0.01887892323992471,
               0.05273016781072815
            ],
            [ 0.0, 0.0, 0.0, 1.0 ]
         ]
      },
      {
         "file_path" : "images/1646625060.574003200_front.png",
         "sharpness" : 1.624958376394072,
         "transform_matrix" : [
            [
               0.8072160024358607,
               0.07278571927651491,
               0.5857510768109853,
               -2.866302330082306
            ],
            [
               -0.5847196157456432,
               -0.03699688312424135,
               0.8103909025349239,
               1.167830771325929
            ],
            [
               0.0806558759576420,
               -0.9966606061020742,
               0.01269477602513361,
               0.05496369500024667
            ],
            [ 0.0, 0.0, 0.0, 1.0 ]
         ]
      },
      {
         "file_path" : "images/1646625062.094003200_front.png",
         "sharpness" : 1.849362140142351,
         "transform_matrix" : [
            [
               0.9768376029643268,
               0.09500293361822286,
               0.1917374723037981,
               -3.236683049864570
            ],
            [
               -0.1921325962475609,
               -0.005055873519347304,
               0.9813553890836582,
               0.62657133451770
            ],
            [
               0.09420110469544422,
               -0.9954641317198095,
               0.01331436514769872,
               0.05247047596654675
            ],
            [ 0.0, 0.0, 0.0, 1.0 ]
         ]
      },
      {
         "file_path" : "images/1646625064.214003200_front.png",
         "sharpness" : 2.094175145687549,
         "transform_matrix" : [
            [
               0.9870276347323674,
               0.1081959884130917,
               -0.1186156658748836,
               -3.233971973020625
            ],
            [
               0.1125349624307175,
               0.06069410819576058,
               0.9917916105455058,
               -0.3398463671738266
            ],
            [
               0.1145070656854123,
               -0.9922749503937214,
               0.04773098746322563,
               0.06368760900636328
            ],
            [ 0.0, 0.0, 0.0, 1.0 ]
         ]
      },
      {
         "file_path" : "images/1646625066.214003200_front.png",
         "sharpness" : 2.288450947233551,
         "transform_matrix" : [
            [
               0.8747746079571134,
               0.06737355002175277,
               -0.4798230716395210,
               -3.007528789987302
            ],
            [
               0.4784477543285889,
               0.0362958418434780,
               0.8773647205949435,
               -1.237039421421401
            ],
            [
               0.07652680846508794,
               -0.997067142514380,
               -0.0004840447265043351,
               0.04780417628428413
            ],
            [ 0.0, 0.0, 0.0, 1.0 ]
         ]
      },
      {
         "file_path" : "images/1646625067.134003200_front.png",
         "sharpness" : 2.534500870267976,
         "transform_matrix" : [
            [
               0.6089458995650394,
               0.01083526254521329,
               -0.7931374957991213,
               -2.836752913066413
            ],
            [
               0.7926167766511026,
               0.03041310546442457,
               0.6089609754057036,
               -1.618385191320001
            ],
            [
               0.03072010286462795,
               -0.9994784717088958,
               0.009931750071707735,
               0.04208462919563905
            ],
            [ 0.0, 0.0, 0.0, 1.0 ]
         ]
      },
      {
         "file_path" : "images/1646625068.254003200_front.png",
         "sharpness" : 2.656055089664787,
         "transform_matrix" : [
            [
               0.2150515094914416,
               0.01896643453228859,
               -0.9764187810260231,
               -2.4960525500810
            ],
            [
               0.9745959654090165,
               0.05989640993595707,
               0.2158131847507255,
               -1.889988869717177
            ],
            [
               0.06257718068739715,
               -0.9980239526296336,
               -0.005603781172575118,
               0.04417738538741578
            ],
            [ 0.0, 0.0, 0.0, 1.0 ]
         ]
      }
   ],
   "h" : 2880,
   "k1" : 0.0,
   "k2" : 0.0,
   "offset" : [ 0.50, 0.50, 0.50 ],
   "p1" : 0.0,
   "p2" : 0.0,
   "scale" : 0.330,
   "w" : 2880
}
