{
    "near": 0.10000000149011612,
    "far": 5.0,
    "depth_scaling_factor": 1000.0,
    "frames": [
        {
            "file_path": "./train/rgb/1646625026.774003200_front.png",
            "depth_file_path": "./train/depth/1646625026774003200_front_depth.png",
            "fx": 1546.752685546875,
            "fy": 1546.40576171875,
            "cx": 1439.5,
            "cy": 1439.5,
            "transform_matrix": [
                [
                    -0.053080879151821139,
                    0.000639465288259089,
                    0.9985899329185486,
                    0.8860389590263367
                ],
                [
                    0.9954015016555786,
                    -0.0798194482922554,
                    0.05296257510781288,
                    0.19497628509998322
                ],
                [
                    0.07974079251289368,
                    0.996808648109436,
                    0.0036003056447952987,
                    0.18882660567760468
                ],
                [
                    0.0,
                    0.0,
                    0.0,
                    1.0
                ]
            ]
        },
        {
            "file_path": "./train/rgb/1646625029.614003200_front.png",
            "depth_file_path": "./train/depth/1646625029614003200_front_depth.png",
            "fx": 1546.752685546875,
            "fy": 1546.40576171875,
            "cx": 1439.5,
            "cy": 1439.5,
            "transform_matrix": [
                [
                    -0.1648465394973755,
                    0.056838881224393848,
                    0.9846796989440918,
                    1.9240137338638306
                ],
                [
                    0.9850248098373413,
                    -0.041647180914878848,
                    0.1673090010881424,
                    0.3256378173828125
                ],
                [
                    0.05051886662840843,
                    0.9975143671035767,
                    -0.04912231117486954,
                    0.18894712626934052
                ],
                [
                    0.0,
                    0.0,
                    0.0,
                    1.0
                ]
            ]
        },
        {
            "file_path": "./train/rgb/1646625032.134003200_front.png",
            "depth_file_path": "./train/depth/1646625032134003200_front_depth.png",
            "fx": 1546.752685546875,
            "fy": 1546.40576171875,
            "cx": 1439.5,
            "cy": 1439.5,
            "transform_matrix": [
                [
                    -0.10765720158815384,
                    0.06983542442321778,
                    0.9917321801185608,
                    2.931178092956543
                ],
                [
                    0.9911832809448242,
                    -0.06995977461338043,
                    0.11252411454916,
                    0.5372865796089172
                ],
                [
                    0.07723960280418396,
                    0.9951017498970032,
                    -0.061687979847192767,
                    0.19930991530418397
                ],
                [
                    0.0,
                    0.0,
                    0.0,
                    1.0
                ]
            ]
        },
        {
            "file_path": "./train/rgb/1646625034.974003200_front.png",
            "depth_file_path": "./train/depth/1646625034974003200_front_depth.png",
            "fx": 1546.752685546875,
            "fy": 1546.40576171875,
            "cx": 1439.5,
            "cy": 1439.5,
            "transform_matrix": [
                [
                    -0.1922168880701065,
                    0.05427932366728783,
                    0.9798499941825867,
                    3.919548511505127
                ],
                [
                    0.9803532361984253,
                    -0.034421686083078387,
                    0.1942218691110611,
                    0.6443986892700195
                ],
                [
                    0.04427030310034752,
                    0.9979320764541626,
                    -0.04659648612141609,
                    0.1925380527973175
                ],
                [
                    0.0,
                    0.0,
                    0.0,
                    1.0
                ]
            ]
        },
        {
            "file_path": "./train/rgb/1646625037.974003200_front.png",
            "depth_file_path": "./train/depth/1646625037974003200_front_depth.png",
            "fx": 1546.752685546875,
            "fy": 1546.40576171875,
            "cx": 1439.5,
            "cy": 1439.5,
            "transform_matrix": [
                [
                    -0.5572732090950012,
                    0.1007254496216774,
                    0.8241968154907227,
                    4.703028678894043
                ],
                [
                    0.8250080347061157,
                    -0.04502957686781883,
                    0.563325047492981,
                    0.8817813396453857
                ],
                [
                    0.09385441988706589,
                    0.9938941597938538,
                    -0.05800535902380943,
                    0.2049751579761505
                ],
                [
                    0.0,
                    0.0,
                    0.0,
                    1.0
                ]
            ]
        },
        {
            "file_path": "./train/rgb/1646625039.214003200_front.png",
            "depth_file_path": "./train/depth/1646625039214003200_front_depth.png",
            "fx": 1546.752685546875,
            "fy": 1546.40576171875,
            "cx": 1439.5,
            "cy": 1439.5,
            "transform_matrix": [
                [
                    -0.8484541177749634,
                    0.12117138504981995,
                    0.5152103900909424,
                    5.04060173034668
                ],
                [
                    0.5221031308174133,
                    0.03198128566145897,
                    0.8522822260856628,
                    1.100843071937561
                ],
                [
                    0.08679556101560593,
                    0.9921162128448486,
                    -0.09039878100156784,
                    0.20404258370399476
                ],
                [
                    0.0,
                    0.0,
                    0.0,
                    1.0
                ]
            ]
        },
        {
            "file_path": "./train/rgb/1646625040.894003200_front.png",
            "depth_file_path": "./train/depth/1646625040894003200_front_depth.png",
            "fx": 1546.752685546875,
            "fy": 1546.40576171875,
            "cx": 1439.5,
            "cy": 1439.5,
            "transform_matrix": [
                [
                    -0.9852452874183655,
                    0.09028240293264389,
                    0.14539743959903718,
                    5.280388355255127
                ],
                [
                    0.14942868053913117,
                    0.039596136659383777,
                    0.9879790544509888,
                    1.495531678199768
                ],
                [
                    0.08343999832868576,
                    0.9951286315917969,
                    -0.05250272527337074,
                    0.2021441012620926
                ],
                [
                    0.0,
                    0.0,
                    0.0,
                    1.0
                ]
            ]
        },
        {
            "file_path": "./train/rgb/1646625043.454003200_front.png",
            "depth_file_path": "./train/depth/1646625043454003200_front_depth.png",
            "fx": 1546.752685546875,
            "fy": 1546.40576171875,
            "cx": 1439.5,
            "cy": 1439.5,
            "transform_matrix": [
                [
                    -0.9960595369338989,
                    0.075881727039814,
                    -0.04590538516640663,
                    5.148521423339844
                ],
                [
                    -0.04048849642276764,
                    0.07144265621900559,
                    0.99662184715271,
                    2.4678239822387697
                ],
                [
                    0.07890505343675614,
                    0.9945536851882935,
                    -0.06808877736330033,
                    0.19878023862838746
                ],
                [
                    0.0,
                    0.0,
                    0.0,
                    1.0
                ]
            ]
        },
        {
            "file_path": "./train/rgb/1646625045.654003200_front.png",
            "depth_file_path": "./train/depth/1646625045654003200_front_depth.png",
            "fx": 1546.752685546875,
            "fy": 1546.40576171875,
            "cx": 1439.5,
            "cy": 1439.5,
            "transform_matrix": [
                [
                    -0.9505273699760437,
                    0.0597413145005703,
                    -0.3048436641693115,
                    5.142759799957275
                ],
                [
                    -0.3019573986530304,
                    0.05272956192493439,
                    0.9518613219261169,
                    3.4113757610321047
                ],
                [
                    0.07293976098299027,
                    0.9968196749687195,
                    -0.03208152577280998,
                    0.1950295865535736
                ],
                [
                    0.0,
                    0.0,
                    0.0,
                    1.0
                ]
            ]
        },
        {
            "file_path": "./train/rgb/1646625046.854003200_front.png",
            "depth_file_path": "./train/depth/1646625046854003200_front_depth.png",
            "fx": 1546.752685546875,
            "fy": 1546.40576171875,
            "cx": 1439.5,
            "cy": 1439.5,
            "transform_matrix": [
                [
                    -0.7448597550392151,
                    0.039942651987075809,
                    -0.6660237908363342,
                    5.030277729034424
                ],
                [
                    -0.6644787192344666,
                    0.045994944870471957,
                    0.7458896040916443,
                    3.8450517654418947
                ],
                [
                    0.06042662635445595,
                    0.9981425404548645,
                    -0.007718745619058609,
                    0.1866699904203415
                ],
                [
                    0.0,
                    0.0,
                    0.0,
                    1.0
                ]
            ]
        },
        {
            "file_path": "./train/rgb/1646625048.054003200_front.png",
            "depth_file_path": "./train/depth/1646625048054003200_front_depth.png",
            "fx": 1546.752685546875,
            "fy": 1546.40576171875,
            "cx": 1439.5,
            "cy": 1439.5,
            "transform_matrix": [
                [
                    -0.4021271765232086,
                    -0.02018924243748188,
                    -0.9153607487678528,
                    4.701665878295898
                ],
                [
                    -0.9136624336242676,
                    0.0735773891210556,
                    0.39975816011428835,
                    4.148313522338867
                ],
                [
                    0.05927915498614311,
                    0.9970843195915222,
                    -0.04803362116217613,
                    0.19447438418865205
                ],
                [
                    0.0,
                    0.0,
                    0.0,
                    1.0
                ]
            ]
        },
        {
            "file_path": "./train/rgb/1646625050.174003200_front.png",
            "depth_file_path": "./train/depth/1646625050174003200_front_depth.png",
            "fx": 1546.752685546875,
            "fy": 1546.40576171875,
            "cx": 1439.5,
            "cy": 1439.5,
            "transform_matrix": [
                [
                    -0.0007024509832262993,
                    -0.03339267894625664,
                    -0.9994418621063232,
                    3.995795965194702
                ],
                [
                    -0.9979124665260315,
                    0.06456512212753296,
                    -0.0014559642877429724,
                    4.386259078979492
                ],
                [
                    0.06457773596048355,
                    0.9973542094230652,
                    -0.0333683118224144,
                    0.18944022059440614
                ],
                [
                    0.0,
                    0.0,
                    0.0,
                    1.0
                ]
            ]
        },
        {
            "file_path": "./train/rgb/1646625052.414003200_front.png",
            "depth_file_path": "./train/depth/1646625052414003200_front_depth.png",
            "fx": 1546.752685546875,
            "fy": 1546.40576171875,
            "cx": 1439.5,
            "cy": 1439.5,
            "transform_matrix": [
                [
                    0.12789705395698548,
                    -0.06223033368587494,
                    -0.9898327589035034,
                    3.0137665271759035
                ],
                [
                    -0.989755392074585,
                    0.05583840608596802,
                    -0.13139821588993073,
                    4.313316345214844
                ],
                [
                    0.06344757974147797,
                    0.9964984059333801,
                    -0.05445123463869095,
                    0.18867266178131104
                ],
                [
                    0.0,
                    0.0,
                    0.0,
                    1.0
                ]
            ]
        },
        {
            "file_path": "./train/rgb/1646625054.734003200_front.png",
            "depth_file_path": "./train/depth/1646625054734003200_front_depth.png",
            "fx": 1546.752685546875,
            "fy": 1546.40576171875,
            "cx": 1439.5,
            "cy": 1439.5,
            "transform_matrix": [
                [
                    0.12034951895475388,
                    -0.025925403460860254,
                    -0.9923932552337647,
                    2.04016375541687
                ],
                [
                    -0.988883376121521,
                    0.08480163663625717,
                    -0.12213858217000961,
                    4.067747592926025
                ],
                [
                    0.08732308447360993,
                    0.9960599541664124,
                    -0.015431377105414868,
                    0.1963319629430771
                ],
                [
                    0.0,
                    0.0,
                    0.0,
                    1.0
                ]
            ]
        },
        {
            "file_path": "./train/rgb/1646625056.934003200_front.png",
            "depth_file_path": "./train/depth/1646625056934003200_front_depth.png",
            "fx": 1546.752685546875,
            "fy": 1546.40576171875,
            "cx": 1439.5,
            "cy": 1439.5,
            "transform_matrix": [
                [
                    0.19078586995601655,
                    -0.06940631568431854,
                    -0.9791743755340576,
                    1.0767673254013062
                ],
                [
                    -0.9778117537498474,
                    0.07447841018438339,
                    -0.19580000638961793,
                    3.877549409866333
                ],
                [
                    0.08651721477508545,
                    0.994804322719574,
                    -0.05365681275725365,
                    0.1874224692583084
                ],
                [
                    0.0,
                    0.0,
                    0.0,
                    1.0
                ]
            ]
        },
        {
            "file_path": "./train/rgb/1646625059.174003200_front.png",
            "depth_file_path": "./train/depth/1646625059174003200_front_depth.png",
            "fx": 1546.752685546875,
            "fy": 1546.40576171875,
            "cx": 1439.5,
            "cy": 1439.5,
            "transform_matrix": [
                [
                    0.4847974479198456,
                    -0.050322022289037707,
                    -0.8731775283813477,
                    0.14125695824623109
                ],
                [
                    -0.8718590140342712,
                    0.05155700445175171,
                    -0.4870360791683197,
                    3.6832244396209719
                ],
                [
                    0.06952708214521408,
                    0.9974009394645691,
                    -0.01887892372906208,
                    0.18956056237220765
                ],
                [
                    0.0,
                    0.0,
                    0.0,
                    1.0
                ]
            ]
        },
        {
            "file_path": "./train/rgb/1646625060.574003200_front.png",
            "depth_file_path": "./train/depth/1646625060574003200_front_depth.png",
            "fx": 1546.752685546875,
            "fy": 1546.40576171875,
            "cx": 1439.5,
            "cy": 1439.5,
            "transform_matrix": [
                [
                    0.8072159886360169,
                    -0.07278572022914887,
                    -0.5857510566711426,
                    -0.4095344841480255
                ],
                [
                    -0.5847195982933044,
                    0.036996882408857349,
                    -0.8103908896446228,
                    3.451734781265259
                ],
                [
                    0.08065587282180786,
                    0.996660590171814,
                    -0.012694776058197022,
                    0.19179409742355348
                ],
                [
                    0.0,
                    0.0,
                    0.0,
                    1.0
                ]
            ]
        },
        {
            "file_path": "./train/rgb/1646625062.094003200_front.png",
            "depth_file_path": "./train/depth/1646625062094003200_front_depth.png",
            "fx": 1546.752685546875,
            "fy": 1546.40576171875,
            "cx": 1439.5,
            "cy": 1439.5,
            "transform_matrix": [
                [
                    0.9768375754356384,
                    -0.09500293433666229,
                    -0.19173747301101685,
                    -0.7799152135848999
                ],
                [
                    -0.1921325922012329,
                    0.005055873654782772,
                    -0.9813553690910339,
                    2.910475492477417
                ],
                [
                    0.09420110285282135,
                    0.9954641461372376,
                    -0.013314365409314633,
                    0.18930086493492127
                ],
                [
                    0.0,
                    0.0,
                    0.0,
                    1.0
                ]
            ]
        }
    ]
}