{
   "aabb_scale" : 4,
   "camera_angle_x" : 1.499342590589542,
   "camera_angle_y" : 1.499566387374954,
   "cx" : 1439.50,
   "cy" : 1439.50,
   "fl_x" : 1546.752745311162,
   "fl_y" : 1546.405743162014,
   "frames" : [
      {
         "file_path" : "images/1646625026.774003200_front.png",
         "sharpness" : 2.954000558269985,
         "transform_matrix" : [
            [ -0.02221010, -0.9991030, 0.03605199999999988, -1.418874821003592 ],
            [ -0.0784260, -0.03420869999999988, -0.9963330, -2.359006391092045 ],
            [ 0.9966720, -0.02495599999999999, -0.07759590, -0.2186581294127241 ],
            [ 0.0, 0.0, 0.0, 1.0 ]
         ]
      },
      {
         "file_path" : "images/1646625029.614003200_front.png",
         "sharpness" : 2.960148212990065,
         "transform_matrix" : [
            [ 0.03400160, -0.9883780, 0.1481619999999999, -0.3485388210035913 ],
            [ -0.04289130, -0.1495549999999999, -0.9878230, -2.225409491092045 ],
            [ 0.9985010, 0.02723270000000001, -0.0474780, -0.2100471294127242 ],
            [ 0.0, 0.0, 0.0, 1.0 ]
         ]
      },
      {
         "file_path" : "images/1646625032.134003200_front.png",
         "sharpness" : 2.947166014712618,
         "transform_matrix" : [
            [ 0.04698240, -0.9947520, 0.09088949999999987, 0.6466611789964087 ],
            [ -0.06993450, -0.09404249999999988, -0.9931090, -2.016542891092045 ],
            [
               0.9964440,
               0.04030230000000001,
               -0.07398589999999999,
               -0.2057011294127242
            ],
            [ 0.0, 0.0, 0.0, 1.0 ]
         ]
      },
      {
         "file_path" : "images/1646625034.974003200_front.png",
         "sharpness" : 2.854067693478502,
         "transform_matrix" : [
            [ 0.03148170, -0.9839570, 0.1756049999999999, 1.653171178996409 ],
            [ -0.03629190, -0.1767009999999999, -0.9835950, -1.905637891092045 ],
            [ 0.9988450, 0.02459220000000001, -0.04127250, -0.2050521294127241 ],
            [ 0.0, 0.0, 0.0, 1.0 ]
         ]
      },
      {
         "file_path" : "images/1646625037.974003200_front.png",
         "sharpness" : 2.943371667963310,
         "transform_matrix" : [
            [
               0.08051070,
               -0.8356280000000001,
               0.5433629999999999,
               2.530791178996408
            ],
            [
               -0.05569410,
               -0.5480529999999999,
               -0.8345880000000001,
               -1.645441891092045
            ],
            [ 0.9951960, 0.03693100000000001, -0.09066370, -0.2041121294127242 ],
            [ 0.0, 0.0, 0.0, 1.0 ]
         ]
      },
      {
         "file_path" : "images/1646625039.214003200_front.png",
         "sharpness" : 2.738221412765817,
         "transform_matrix" : [
            [ 0.1072250, -0.5321800000000001, 0.8398129999999999, 2.947531178996409 ],
            [
               0.01394030,
               -0.8437949999999999,
               -0.5364840000000001,
               -1.357391891092045
            ],
            [
               0.9941370,
               0.06923190000000001,
               -0.08305759999999998,
               -0.2025801294127241
            ],
            [ 0.0, 0.0, 0.0, 1.0 ]
         ]
      },
      {
         "file_path" : "images/1646625040.894003200_front.png",
         "sharpness" : 2.530484614111474,
         "transform_matrix" : [
            [ 0.0844010, -0.1641370000000001, 0.982820, 3.227231178996409 ],
            [ 0.0175020, -0.9859430, -0.1661610000000001, -0.8803868910920446 ],
            [
               0.9962780,
               0.03122550000000001,
               -0.08034189999999999,
               -0.2045851294127241
            ],
            [ 0.0, 0.0, 0.0, 1.0 ]
         ]
      },
      {
         "file_path" : "images/1646625043.454003200_front.png",
         "sharpness" : 2.527447895092730,
         "transform_matrix" : [
            [
               0.07432709999999999,
               0.02723289999999988,
               0.9968620,
               3.102381178996409
            ],
            [ 0.04865190, -0.9985350, 0.02365089999999988, 0.1388631089079554 ],
            [ 0.9960460, 0.04674130000000001, -0.07554320, -0.2064701294127242 ],
            [ 0.0, 0.0, 0.0, 1.0 ]
         ]
      },
      {
         "file_path" : "images/1646625045.654003200_front.png",
         "sharpness" : 2.510418443560948,
         "transform_matrix" : [
            [ 0.06419809999999999, 0.2872079999999999, 0.9557150, 3.092631178996408 ],
            [ 0.03028480, -0.9578090, 0.2858029999999999, 1.141993108907956 ],
            [
               0.9974769999999999,
               0.01059560000000001,
               -0.07018760,
               -0.2097481294127241
            ],
            [ 0.0, 0.0, 0.0, 1.0 ]
         ]
      },
      {
         "file_path" : "images/1646625046.854003200_front.png",
         "sharpness" : 2.091293557471283,
         "transform_matrix" : [
            [ 0.05315180, 0.6521879999999999, 0.7561910000000001, 2.942151178996408 ],
            [ 0.0272980, -0.7579270000000001, 0.6517669999999999, 1.664983108907956 ],
            [ 0.9982130, -0.01400009999999999, -0.05808870, -0.2158591294127241 ],
            [ 0.0, 0.0, 0.0, 1.0 ]
         ]
      },
      {
         "file_path" : "images/1646625048.054003200_front.png",
         "sharpness" : 1.824577974142288,
         "transform_matrix" : [
            [ -0.0004060670, 0.9086180, 0.4176270000000001, 2.535971178996408 ],
            [ 0.06210050, -0.4167980000000001, 0.9068750, 2.039713108907955 ],
            [ 0.9980690, 0.02630310000000001, -0.05625650, -0.2066191294127242 ],
            [ 0.0, 0.0, 0.0, 1.0 ]
         ]
      },
      {
         "file_path" : "images/1646625050.174003200_front.png",
         "sharpness" : 1.775139405625107,
         "transform_matrix" : [
            [ -0.01065440, 0.9997870, 0.01766580000000012, 1.738901178996409 ],
            [ 0.06199770, -0.01697220000000012, 0.9979320, 2.308883108907955 ],
            [ 0.9980190, 0.01172760000000001, -0.06180370, -0.2133121294127241 ],
            [ 0.0, 0.0, 0.0, 1.0 ]
         ]
      },
      {
         "file_path" : "images/1646625052.414003200_front.png",
         "sharpness" : 1.822284610245559,
         "transform_matrix" : [
            [ -0.03937010, 0.9930240, -0.1111419999999999, 0.7237811789964086 ],
            [ 0.05624980, 0.1132549999999999, 0.9919720, 2.237253108907955 ],
            [
               0.997640,
               0.03280230000000001,
               -0.06031619999999999,
               -0.2132401294127242
            ],
            [ 0.0, 0.0, 0.0, 1.0 ]
         ]
      },
      {
         "file_path" : "images/1646625054.734003200_front.png",
         "sharpness" : 2.549443551419008,
         "transform_matrix" : [
            [ -0.003035990, 0.9946280, -0.1034719999999999, -0.2440088210035914 ],
            [
               0.08499710000000001,
               0.1033539999999999,
               0.9910060000000001,
               1.994373108907955
            ],
            [
               0.9963760,
               -0.005786109999999989,
               -0.08485429999999999,
               -0.2123731294127242
            ],
            [ 0.0, 0.0, 0.0, 1.0 ]
         ]
      },
      {
         "file_path" : "images/1646625056.934003200_front.png",
         "sharpness" : 2.033568536462137,
         "transform_matrix" : [
            [ -0.04662380, 0.9836020, -0.1742189999999999, -1.228828821003591 ],
            [ 0.07638060000000001, 0.1774089999999999, 0.9811690, 1.802843108907955 ],
            [ 0.9959880, 0.03243880, -0.08339969999999999, -0.2200141294127241 ],
            [ 0.0, 0.0, 0.0, 1.0 ]
         ]
      },
      {
         "file_path" : "images/1646625059.174003200_front.png",
         "sharpness" : 1.882962195296559,
         "transform_matrix" : [
            [
               -0.02919410,
               0.8822090000000001,
               -0.4699519999999999,
               -2.233326121003592
            ],
            [ 0.06036340, 0.4708499999999999, 0.8801460000000001, 1.590903108907955 ],
            [
               0.9977490,
               -0.002672899999999992,
               -0.06699919999999999,
               -0.2147891294127242
            ],
            [ 0.0, 0.0, 0.0, 1.0 ]
         ]
      },
      {
         "file_path" : "images/1646625060.574003200_front.png",
         "sharpness" : 1.624958376394072,
         "transform_matrix" : [
            [
               -0.05735440,
               0.6008890000000001,
               -0.7972719999999999,
               -2.870010821003592
            ],
            [ 0.05390490, 0.7992849999999999, 0.5985290000000001, 1.302023108907955 ],
            [
               0.9968970,
               -0.008648579999999989,
               -0.07823339999999999,
               -0.2153971294127242
            ],
            [ 0.0, 0.0, 0.0, 1.0 ]
         ]
      },
      {
         "file_path" : "images/1646625062.094003200_front.png",
         "sharpness" : 1.849362140142351,
         "transform_matrix" : [
            [ -0.08808810, 0.2104230000000001, -0.9736340, -3.294478821003591 ],
            [ 0.02687710, 0.9775790, 0.2088440000000001, 0.6723131089079551 ],
            [
               0.995750,
               -0.007771819999999988,
               -0.09176869999999999,
               -0.2211211294127242
            ],
            [ 0.0, 0.0, 0.0, 1.0 ]
         ]
      },
      {
         "file_path" : "images/1646625064.214003200_front.png",
         "sharpness" : 2.094175145687549,
         "transform_matrix" : [
            [ -0.108310, -0.09933099999999988, -0.9891420, -3.305478821003591 ],
            [ -0.03782950, 0.9946860, -0.09574539999999987, -0.3711568910920447 ],
            [ 0.9933970, 0.02704860000000001, -0.1114920, -0.2138311294127242 ],
            [ 0.0, 0.0, 0.0, 1.0 ]
         ]
      },
      {
         "file_path" : "images/1646625066.214003200_front.png",
         "sharpness" : 2.288450947233551,
         "transform_matrix" : [
            [
               -0.07600419999999999,
               -0.4632299999999999,
               -0.8829730000000001,
               -3.060235821003591
            ],
            [
               -0.01509280,
               0.8859670000000001,
               -0.4635009999999999,
               -1.353577891092044
            ],
            [ 0.9969930, -0.02190149999999999, -0.07432870, -0.2219821294127242 ],
            [ 0.0, 0.0, 0.0, 1.0 ]
         ]
      },
      {
         "file_path" : "images/1646625067.134003200_front.png",
         "sharpness" : 2.534500870267976,
         "transform_matrix" : [
            [
               -0.0272950,
               -0.7822229999999999,
               -0.6224000000000001,
               -2.832038821003592
            ],
            [
               -0.01450280,
               0.6228760000000001,
               -0.7821859999999999,
               -1.815191891092045
            ],
            [ 0.9995220, -0.01232320, -0.02834590, -0.2165561294127242 ],
            [ 0.0, 0.0, 0.0, 1.0 ]
         ]
      },
      {
         "file_path" : "images/1646625068.254003200_front.png",
         "sharpness" : 2.656055089664787,
         "transform_matrix" : [
            [ -0.04061240, -0.9719380, -0.2317060000000001, -2.407387821003591 ],
            [ -0.0524490, 0.2336510000000001, -0.9709050, -2.144499891092045 ],
            [ 0.9977970, -0.02727799999999999, -0.06046630, -0.2224551294127242 ],
            [ 0.0, 0.0, 0.0, 1.0 ]
         ]
      }
   ],
   "h" : 2880,
   "k1" : 0.0,
   "k2" : 0.0,
   "offset" : [ 0.50, 0.50, 0.50 ],
   "p1" : 0.0,
   "p2" : 0.0,
   "scale" : 0.330,
   "w" : 2880
}
