{
    "near": 0.10000000149011612,
    "far": 8.0,
    "depth_scaling_factor": 1000.0,
    "frames": [
        {
            "file_path": "",
            "depth_file_path": "",
            "fx": 1546.752685546875,
            "fy": 1546.40576171875,
            "cx": -720.5,
            "cy": -720.5,
            "transform_matrix": [
                [
                    -0.022210100665688516,
                    -0.9991030097007752,
                    0.036051999777555469,
                    0.8648309707641602
                ],
                [
                    -0.07842600345611572,
                    -0.03420870006084442,
                    -0.9963330030441284,
                    -0.04326710104942322
                ],
                [
                    0.9966719746589661,
                    -0.024955999106168748,
                    -0.07759589701890946,
                    0.27931898832321169
                ],
                [
                    0.0,
                    0.0,
                    0.0,
                    1.0
                ]
            ]
        },
        {
            "file_path": "",
            "depth_file_path": "",
            "fx": 1546.752685546875,
            "fy": 1546.40576171875,
            "cx": -720.5,
            "cy": -720.5,
            "transform_matrix": [
                [
                    -0.022210100665688516,
                    -0.9991030097007752,
                    0.036051999777555469,
                    0.8648309707641602
                ],
                [
                    -0.07842600345611572,
                    -0.03420870006084442,
                    -0.9963330030441284,
                    -0.04326710104942322
                ],
                [
                    0.9966719746589661,
                    -0.024955999106168748,
                    -0.07759589701890946,
                    0.27931898832321169
                ],
                [
                    0.0,
                    0.0,
                    0.0,
                    1.0
                ]
            ]
        },
        {
            "file_path": "",
            "depth_file_path": "",
            "fx": 1546.752685546875,
            "fy": 1546.40576171875,
            "cx": -720.5,
            "cy": -720.5,
            "transform_matrix": [
                [
                    -0.022210100665688516,
                    -0.9991030097007752,
                    0.036051999777555469,
                    0.8648309707641602
                ],
                [
                    -0.07842600345611572,
                    -0.03420870006084442,
                    -0.9963330030441284,
                    -0.04326710104942322
                ],
                [
                    0.9966719746589661,
                    -0.024955999106168748,
                    -0.07759589701890946,
                    0.27931898832321169
                ],
                [
                    0.0,
                    0.0,
                    0.0,
                    1.0
                ]
            ]
        },
        {
            "file_path": "",
            "depth_file_path": "",
            "fx": 1546.752685546875,
            "fy": 1546.40576171875,
            "cx": -720.5,
            "cy": -720.5,
            "transform_matrix": [
                [
                    -0.022210100665688516,
                    -0.9991030097007752,
                    0.036051999777555469,
                    0.8648309707641602
                ],
                [
                    -0.07842600345611572,
                    -0.03420870006084442,
                    -0.9963330030441284,
                    -0.04326710104942322
                ],
                [
                    0.9966719746589661,
                    -0.024955999106168748,
                    -0.07759589701890946,
                    0.27931898832321169
                ],
                [
                    0.0,
                    0.0,
                    0.0,
                    1.0
                ]
            ]
        },
        {
            "file_path": "",
            "depth_file_path": "",
            "fx": 1546.752685546875,
            "fy": 1546.40576171875,
            "cx": -720.5,
            "cy": -720.5,
            "transform_matrix": [
                [
                    -0.022210100665688516,
                    -0.9991030097007752,
                    0.036051999777555469,
                    0.8648309707641602
                ],
                [
                    -0.07842600345611572,
                    -0.03420870006084442,
                    -0.9963330030441284,
                    -0.04326710104942322
                ],
                [
                    0.9966719746589661,
                    -0.024955999106168748,
                    -0.07759589701890946,
                    0.27931898832321169
                ],
                [
                    0.0,
                    0.0,
                    0.0,
                    1.0
                ]
            ]
        },
        {
            "file_path": "",
            "depth_file_path": "",
            "fx": 1546.752685546875,
            "fy": 1546.40576171875,
            "cx": -720.5,
            "cy": -720.5,
            "transform_matrix": [
                [
                    -0.022210100665688516,
                    -0.9991030097007752,
                    0.036051999777555469,
                    0.8648309707641602
                ],
                [
                    -0.07842600345611572,
                    -0.03420870006084442,
                    -0.9963330030441284,
                    -0.04326710104942322
                ],
                [
                    0.9966719746589661,
                    -0.024955999106168748,
                    -0.07759589701890946,
                    0.27931898832321169
                ],
                [
                    0.0,
                    0.0,
                    0.0,
                    1.0
                ]
            ]
        },
        {
            "file_path": "",
            "depth_file_path": "",
            "fx": 1546.752685546875,
            "fy": 1546.40576171875,
            "cx": -720.5,
            "cy": -720.5,
            "transform_matrix": [
                [
                    -0.022210100665688516,
                    -0.9991030097007752,
                    0.036051999777555469,
                    0.8648309707641602
                ],
                [
                    -0.07842600345611572,
                    -0.03420870006084442,
                    -0.9963330030441284,
                    -0.04326710104942322
                ],
                [
                    0.9966719746589661,
                    -0.024955999106168748,
                    -0.07759589701890946,
                    0.27931898832321169
                ],
                [
                    0.0,
                    0.0,
                    0.0,
                    1.0
                ]
            ]
        },
        {
            "file_path": "",
            "depth_file_path": "",
            "fx": 1546.752685546875,
            "fy": 1546.40576171875,
            "cx": -720.5,
            "cy": -720.5,
            "transform_matrix": [
                [
                    -0.022210100665688516,
                    -0.9991030097007752,
                    0.036051999777555469,
                    0.8648309707641602
                ],
                [
                    -0.07842600345611572,
                    -0.03420870006084442,
                    -0.9963330030441284,
                    -0.04326710104942322
                ],
                [
                    0.9966719746589661,
                    -0.024955999106168748,
                    -0.07759589701890946,
                    0.27931898832321169
                ],
                [
                    0.0,
                    0.0,
                    0.0,
                    1.0
                ]
            ]
        },
        {
            "file_path": "",
            "depth_file_path": "",
            "fx": 1546.752685546875,
            "fy": 1546.40576171875,
            "cx": -720.5,
            "cy": -720.5,
            "transform_matrix": [
                [
                    -0.022210100665688516,
                    -0.9991030097007752,
                    0.036051999777555469,
                    0.8648309707641602
                ],
                [
                    -0.07842600345611572,
                    -0.03420870006084442,
                    -0.9963330030441284,
                    -0.04326710104942322
                ],
                [
                    0.9966719746589661,
                    -0.024955999106168748,
                    -0.07759589701890946,
                    0.27931898832321169
                ],
                [
                    0.0,
                    0.0,
                    0.0,
                    1.0
                ]
            ]
        },
        {
            "file_path": "",
            "depth_file_path": "",
            "fx": 1546.752685546875,
            "fy": 1546.40576171875,
            "cx": -720.5,
            "cy": -720.5,
            "transform_matrix": [
                [
                    -0.022210100665688516,
                    -0.9991030097007752,
                    0.036051999777555469,
                    0.8648309707641602
                ],
                [
                    -0.07842600345611572,
                    -0.03420870006084442,
                    -0.9963330030441284,
                    -0.04326710104942322
                ],
                [
                    0.9966719746589661,
                    -0.024955999106168748,
                    -0.07759589701890946,
                    0.27931898832321169
                ],
                [
                    0.0,
                    0.0,
                    0.0,
                    1.0
                ]
            ]
        },
        {
            "file_path": "",
            "depth_file_path": "",
            "fx": 1546.752685546875,
            "fy": 1546.40576171875,
            "cx": -720.5,
            "cy": -720.5,
            "transform_matrix": [
                [
                    -0.022210100665688516,
                    -0.9991030097007752,
                    0.036051999777555469,
                    0.8648309707641602
                ],
                [
                    -0.07842600345611572,
                    -0.03420870006084442,
                    -0.9963330030441284,
                    -0.04326710104942322
                ],
                [
                    0.9966719746589661,
                    -0.024955999106168748,
                    -0.07759589701890946,
                    0.27931898832321169
                ],
                [
                    0.0,
                    0.0,
                    0.0,
                    1.0
                ]
            ]
        },
        {
            "file_path": "",
            "depth_file_path": "",
            "fx": 1546.752685546875,
            "fy": 1546.40576171875,
            "cx": -720.5,
            "cy": -720.5,
            "transform_matrix": [
                [
                    -0.022210100665688516,
                    -0.9991030097007752,
                    0.036051999777555469,
                    0.8648309707641602
                ],
                [
                    -0.07842600345611572,
                    -0.03420870006084442,
                    -0.9963330030441284,
                    -0.04326710104942322
                ],
                [
                    0.9966719746589661,
                    -0.024955999106168748,
                    -0.07759589701890946,
                    0.27931898832321169
                ],
                [
                    0.0,
                    0.0,
                    0.0,
                    1.0
                ]
            ]
        },
        {
            "file_path": "",
            "depth_file_path": "",
            "fx": 1546.752685546875,
            "fy": 1546.40576171875,
            "cx": -720.5,
            "cy": -720.5,
            "transform_matrix": [
                [
                    -0.022210100665688516,
                    -0.9991030097007752,
                    0.036051999777555469,
                    0.8648309707641602
                ],
                [
                    -0.07842600345611572,
                    -0.03420870006084442,
                    -0.9963330030441284,
                    -0.04326710104942322
                ],
                [
                    0.9966719746589661,
                    -0.024955999106168748,
                    -0.07759589701890946,
                    0.27931898832321169
                ],
                [
                    0.0,
                    0.0,
                    0.0,
                    1.0
                ]
            ]
        },
        {
            "file_path": "",
            "depth_file_path": "",
            "fx": 1546.752685546875,
            "fy": 1546.40576171875,
            "cx": -720.5,
            "cy": -720.5,
            "transform_matrix": [
                [
                    -0.022210100665688516,
                    -0.9991030097007752,
                    0.036051999777555469,
                    0.8648309707641602
                ],
                [
                    -0.07842600345611572,
                    -0.03420870006084442,
                    -0.9963330030441284,
                    -0.04326710104942322
                ],
                [
                    0.9966719746589661,
                    -0.024955999106168748,
                    -0.07759589701890946,
                    0.27931898832321169
                ],
                [
                    0.0,
                    0.0,
                    0.0,
                    1.0
                ]
            ]
        },
        {
            "file_path": "",
            "depth_file_path": "",
            "fx": 1546.752685546875,
            "fy": 1546.40576171875,
            "cx": -720.5,
            "cy": -720.5,
            "transform_matrix": [
                [
                    -0.022210100665688516,
                    -0.9991030097007752,
                    0.036051999777555469,
                    0.8648309707641602
                ],
                [
                    -0.07842600345611572,
                    -0.03420870006084442,
                    -0.9963330030441284,
                    -0.04326710104942322
                ],
                [
                    0.9966719746589661,
                    -0.024955999106168748,
                    -0.07759589701890946,
                    0.27931898832321169
                ],
                [
                    0.0,
                    0.0,
                    0.0,
                    1.0
                ]
            ]
        },
        {
            "file_path": "",
            "depth_file_path": "",
            "fx": 1546.752685546875,
            "fy": 1546.40576171875,
            "cx": -720.5,
            "cy": -720.5,
            "transform_matrix": [
                [
                    -0.022210100665688516,
                    -0.9991030097007752,
                    0.036051999777555469,
                    0.8648309707641602
                ],
                [
                    -0.07842600345611572,
                    -0.03420870006084442,
                    -0.9963330030441284,
                    -0.04326710104942322
                ],
                [
                    0.9966719746589661,
                    -0.024955999106168748,
                    -0.07759589701890946,
                    0.27931898832321169
                ],
                [
                    0.0,
                    0.0,
                    0.0,
                    1.0
                ]
            ]
        },
        {
            "file_path": "",
            "depth_file_path": "",
            "fx": 1546.752685546875,
            "fy": 1546.40576171875,
            "cx": -720.5,
            "cy": -720.5,
            "transform_matrix": [
                [
                    0.03400159999728203,
                    -0.9883779883384705,
                    0.14816200733184815,
                    1.934980034828186
                ],
                [
                    -0.04289130121469498,
                    -0.1495549976825714,
                    -0.9878230094909668,
                    0.09011030197143555
                ],
                [
                    0.9985010027885437,
                    0.02723269909620285,
                    -0.047478001564741138,
                    0.2879680097103119
                ],
                [
                    0.0,
                    0.0,
                    0.0,
                    1.0
                ]
            ]
        },
        {
            "file_path": "",
            "depth_file_path": "",
            "fx": 1546.752685546875,
            "fy": 1546.40576171875,
            "cx": -720.5,
            "cy": -720.5,
            "transform_matrix": [
                [
                    0.03400159999728203,
                    -0.9883779883384705,
                    0.14816200733184815,
                    1.934980034828186
                ],
                [
                    -0.04289130121469498,
                    -0.1495549976825714,
                    -0.9878230094909668,
                    0.09011030197143555
                ],
                [
                    0.9985010027885437,
                    0.02723269909620285,
                    -0.047478001564741138,
                    0.2879680097103119
                ],
                [
                    0.0,
                    0.0,
                    0.0,
                    1.0
                ]
            ]
        },
        {
            "file_path": "",
            "depth_file_path": "",
            "fx": 1546.752685546875,
            "fy": 1546.40576171875,
            "cx": -720.5,
            "cy": -720.5,
            "transform_matrix": [
                [
                    0.03400159999728203,
                    -0.9883779883384705,
                    0.14816200733184815,
                    1.934980034828186
                ],
                [
                    -0.04289130121469498,
                    -0.1495549976825714,
                    -0.9878230094909668,
                    0.09011030197143555
                ],
                [
                    0.9985010027885437,
                    0.02723269909620285,
                    -0.047478001564741138,
                    0.2879680097103119
                ],
                [
                    0.0,
                    0.0,
                    0.0,
                    1.0
                ]
            ]
        },
        {
            "file_path": "",
            "depth_file_path": "",
            "fx": 1546.752685546875,
            "fy": 1546.40576171875,
            "cx": -720.5,
            "cy": -720.5,
            "transform_matrix": [
                [
                    0.03400159999728203,
                    -0.9883779883384705,
                    0.14816200733184815,
                    1.934980034828186
                ],
                [
                    -0.04289130121469498,
                    -0.1495549976825714,
                    -0.9878230094909668,
                    0.09011030197143555
                ],
                [
                    0.9985010027885437,
                    0.02723269909620285,
                    -0.047478001564741138,
                    0.2879680097103119
                ],
                [
                    0.0,
                    0.0,
                    0.0,
                    1.0
                ]
            ]
        },
        {
            "file_path": "",
            "depth_file_path": "",
            "fx": 1546.752685546875,
            "fy": 1546.40576171875,
            "cx": -720.5,
            "cy": -720.5,
            "transform_matrix": [
                [
                    0.03400159999728203,
                    -0.9883779883384705,
                    0.14816200733184815,
                    1.934980034828186
                ],
                [
                    -0.04289130121469498,
                    -0.1495549976825714,
                    -0.9878230094909668,
                    0.09011030197143555
                ],
                [
                    0.9985010027885437,
                    0.02723269909620285,
                    -0.047478001564741138,
                    0.2879680097103119
                ],
                [
                    0.0,
                    0.0,
                    0.0,
                    1.0
                ]
            ]
        },
        {
            "file_path": "",
            "depth_file_path": "",
            "fx": 1546.752685546875,
            "fy": 1546.40576171875,
            "cx": -720.5,
            "cy": -720.5,
            "transform_matrix": [
                [
                    0.03400159999728203,
                    -0.9883779883384705,
                    0.14816200733184815,
                    1.934980034828186
                ],
                [
                    -0.04289130121469498,
                    -0.1495549976825714,
                    -0.9878230094909668,
                    0.09011030197143555
                ],
                [
                    0.9985010027885437,
                    0.02723269909620285,
                    -0.047478001564741138,
                    0.2879680097103119
                ],
                [
                    0.0,
                    0.0,
                    0.0,
                    1.0
                ]
            ]
        },
        {
            "file_path": "",
            "depth_file_path": "",
            "fx": 1546.752685546875,
            "fy": 1546.40576171875,
            "cx": -720.5,
            "cy": -720.5,
            "transform_matrix": [
                [
                    0.03400159999728203,
                    -0.9883779883384705,
                    0.14816200733184815,
                    1.934980034828186
                ],
                [
                    -0.04289130121469498,
                    -0.1495549976825714,
                    -0.9878230094909668,
                    0.09011030197143555
                ],
                [
                    0.9985010027885437,
                    0.02723269909620285,
                    -0.047478001564741138,
                    0.2879680097103119
                ],
                [
                    0.0,
                    0.0,
                    0.0,
                    1.0
                ]
            ]
        },
        {
            "file_path": "",
            "depth_file_path": "",
            "fx": 1546.752685546875,
            "fy": 1546.40576171875,
            "cx": -720.5,
            "cy": -720.5,
            "transform_matrix": [
                [
                    0.03400159999728203,
                    -0.9883779883384705,
                    0.14816200733184815,
                    1.934980034828186
                ],
                [
                    -0.04289130121469498,
                    -0.1495549976825714,
                    -0.9878230094909668,
                    0.09011030197143555
                ],
                [
                    0.9985010027885437,
                    0.02723269909620285,
                    -0.047478001564741138,
                    0.2879680097103119
                ],
                [
                    0.0,
                    0.0,
                    0.0,
                    1.0
                ]
            ]
        },
        {
            "file_path": "",
            "depth_file_path": "",
            "fx": 1546.752685546875,
            "fy": 1546.40576171875,
            "cx": -720.5,
            "cy": -720.5,
            "transform_matrix": [
                [
                    0.03400159999728203,
                    -0.9883779883384705,
                    0.14816200733184815,
                    1.934980034828186
                ],
                [
                    -0.04289130121469498,
                    -0.1495549976825714,
                    -0.9878230094909668,
                    0.09011030197143555
                ],
                [
                    0.9985010027885437,
                    0.02723269909620285,
                    -0.047478001564741138,
                    0.2879680097103119
                ],
                [
                    0.0,
                    0.0,
                    0.0,
                    1.0
                ]
            ]
        },
        {
            "file_path": "",
            "depth_file_path": "",
            "fx": 1546.752685546875,
            "fy": 1546.40576171875,
            "cx": -720.5,
            "cy": -720.5,
            "transform_matrix": [
                [
                    0.03400159999728203,
                    -0.9883779883384705,
                    0.14816200733184815,
                    1.934980034828186
                ],
                [
                    -0.04289130121469498,
                    -0.1495549976825714,
                    -0.9878230094909668,
                    0.09011030197143555
                ],
                [
                    0.9985010027885437,
                    0.02723269909620285,
                    -0.047478001564741138,
                    0.2879680097103119
                ],
                [
                    0.0,
                    0.0,
                    0.0,
                    1.0
                ]
            ]
        },
        {
            "file_path": "",
            "depth_file_path": "",
            "fx": 1546.752685546875,
            "fy": 1546.40576171875,
            "cx": -720.5,
            "cy": -720.5,
            "transform_matrix": [
                [
                    0.03400159999728203,
                    -0.9883779883384705,
                    0.14816200733184815,
                    1.934980034828186
                ],
                [
                    -0.04289130121469498,
                    -0.1495549976825714,
                    -0.9878230094909668,
                    0.09011030197143555
                ],
                [
                    0.9985010027885437,
                    0.02723269909620285,
                    -0.047478001564741138,
                    0.2879680097103119
                ],
                [
                    0.0,
                    0.0,
                    0.0,
                    1.0
                ]
            ]
        },
        {
            "file_path": "",
            "depth_file_path": "",
            "fx": 1546.752685546875,
            "fy": 1546.40576171875,
            "cx": -720.5,
            "cy": -720.5,
            "transform_matrix": [
                [
                    0.03400159999728203,
                    -0.9883779883384705,
                    0.14816200733184815,
                    1.934980034828186
                ],
                [
                    -0.04289130121469498,
                    -0.1495549976825714,
                    -0.9878230094909668,
                    0.09011030197143555
                ],
                [
                    0.9985010027885437,
                    0.02723269909620285,
                    -0.047478001564741138,
                    0.2879680097103119
                ],
                [
                    0.0,
                    0.0,
                    0.0,
                    1.0
                ]
            ]
        },
        {
            "file_path": "",
            "depth_file_path": "",
            "fx": 1546.752685546875,
            "fy": 1546.40576171875,
            "cx": -720.5,
            "cy": -720.5,
            "transform_matrix": [
                [
                    0.03400159999728203,
                    -0.9883779883384705,
                    0.14816200733184815,
                    1.934980034828186
                ],
                [
                    -0.04289130121469498,
                    -0.1495549976825714,
                    -0.9878230094909668,
                    0.09011030197143555
                ],
                [
                    0.9985010027885437,
                    0.02723269909620285,
                    -0.047478001564741138,
                    0.2879680097103119
                ],
                [
                    0.0,
                    0.0,
                    0.0,
                    1.0
                ]
            ]
        },
        {
            "file_path": "",
            "depth_file_path": "",
            "fx": 1546.752685546875,
            "fy": 1546.40576171875,
            "cx": -720.5,
            "cy": -720.5,
            "transform_matrix": [
                [
                    0.03400159999728203,
                    -0.9883779883384705,
                    0.14816200733184815,
                    1.934980034828186
                ],
                [
                    -0.04289130121469498,
                    -0.1495549976825714,
                    -0.9878230094909668,
                    0.09011030197143555
                ],
                [
                    0.9985010027885437,
                    0.02723269909620285,
                    -0.047478001564741138,
                    0.2879680097103119
                ],
                [
                    0.0,
                    0.0,
                    0.0,
                    1.0
                ]
            ]
        },
        {
            "file_path": "",
            "depth_file_path": "",
            "fx": 1546.752685546875,
            "fy": 1546.40576171875,
            "cx": -720.5,
            "cy": -720.5,
            "transform_matrix": [
                [
                    0.03400159999728203,
                    -0.9883779883384705,
                    0.14816200733184815,
                    1.934980034828186
                ],
                [
                    -0.04289130121469498,
                    -0.1495549976825714,
                    -0.9878230094909668,
                    0.09011030197143555
                ],
                [
                    0.9985010027885437,
                    0.02723269909620285,
                    -0.047478001564741138,
                    0.2879680097103119
                ],
                [
                    0.0,
                    0.0,
                    0.0,
                    1.0
                ]
            ]
        },
        {
            "file_path": "",
            "depth_file_path": "",
            "fx": 1546.752685546875,
            "fy": 1546.40576171875,
            "cx": -720.5,
            "cy": -720.5,
            "transform_matrix": [
                [
                    0.03400159999728203,
                    -0.9883779883384705,
                    0.14816200733184815,
                    1.934980034828186
                ],
                [
                    -0.04289130121469498,
                    -0.1495549976825714,
                    -0.9878230094909668,
                    0.09011030197143555
                ],
                [
                    0.9985010027885437,
                    0.02723269909620285,
                    -0.047478001564741138,
                    0.2879680097103119
                ],
                [
                    0.0,
                    0.0,
                    0.0,
                    1.0
                ]
            ]
        },
        {
            "file_path": "",
            "depth_file_path": "",
            "fx": 1546.752685546875,
            "fy": 1546.40576171875,
            "cx": -720.5,
            "cy": -720.5,
            "transform_matrix": [
                [
                    0.04698240011930466,
                    -0.9947519898414612,
                    0.09088949859142304,
                    2.9302399158477785
                ],
                [
                    -0.06993450224399567,
                    -0.09404250234365463,
                    -0.9931089878082275,
                    0.29909199476242068
                ],
                [
                    0.9964439868927002,
                    0.040302298963069919,
                    -0.07398589700460434,
                    0.29237300157546999
                ],
                [
                    0.0,
                    0.0,
                    0.0,
                    1.0
                ]
            ]
        },
        {
            "file_path": "",
            "depth_file_path": "",
            "fx": 1546.752685546875,
            "fy": 1546.40576171875,
            "cx": -720.5,
            "cy": -720.5,
            "transform_matrix": [
                [
                    0.04698240011930466,
                    -0.9947519898414612,
                    0.09088949859142304,
                    2.9302399158477785
                ],
                [
                    -0.06993450224399567,
                    -0.09404250234365463,
                    -0.9931089878082275,
                    0.29909199476242068
                ],
                [
                    0.9964439868927002,
                    0.040302298963069919,
                    -0.07398589700460434,
                    0.29237300157546999
                ],
                [
                    0.0,
                    0.0,
                    0.0,
                    1.0
                ]
            ]
        },
        {
            "file_path": "",
            "depth_file_path": "",
            "fx": 1546.752685546875,
            "fy": 1546.40576171875,
            "cx": -720.5,
            "cy": -720.5,
            "transform_matrix": [
                [
                    0.04698240011930466,
                    -0.9947519898414612,
                    0.09088949859142304,
                    2.9302399158477785
                ],
                [
                    -0.06993450224399567,
                    -0.09404250234365463,
                    -0.9931089878082275,
                    0.29909199476242068
                ],
                [
                    0.9964439868927002,
                    0.040302298963069919,
                    -0.07398589700460434,
                    0.29237300157546999
                ],
                [
                    0.0,
                    0.0,
                    0.0,
                    1.0
                ]
            ]
        },
        {
            "file_path": "",
            "depth_file_path": "",
            "fx": 1546.752685546875,
            "fy": 1546.40576171875,
            "cx": -720.5,
            "cy": -720.5,
            "transform_matrix": [
                [
                    0.04698240011930466,
                    -0.9947519898414612,
                    0.09088949859142304,
                    2.9302399158477785
                ],
                [
                    -0.06993450224399567,
                    -0.09404250234365463,
                    -0.9931089878082275,
                    0.29909199476242068
                ],
                [
                    0.9964439868927002,
                    0.040302298963069919,
                    -0.07398589700460434,
                    0.29237300157546999
                ],
                [
                    0.0,
                    0.0,
                    0.0,
                    1.0
                ]
            ]
        },
        {
            "file_path": "",
            "depth_file_path": "",
            "fx": 1546.752685546875,
            "fy": 1546.40576171875,
            "cx": -720.5,
            "cy": -720.5,
            "transform_matrix": [
                [
                    0.04698240011930466,
                    -0.9947519898414612,
                    0.09088949859142304,
                    2.9302399158477785
                ],
                [
                    -0.06993450224399567,
                    -0.09404250234365463,
                    -0.9931089878082275,
                    0.29909199476242068
                ],
                [
                    0.9964439868927002,
                    0.040302298963069919,
                    -0.07398589700460434,
                    0.29237300157546999
                ],
                [
                    0.0,
                    0.0,
                    0.0,
                    1.0
                ]
            ]
        },
        {
            "file_path": "",
            "depth_file_path": "",
            "fx": 1546.752685546875,
            "fy": 1546.40576171875,
            "cx": -720.5,
            "cy": -720.5,
            "transform_matrix": [
                [
                    0.04698240011930466,
                    -0.9947519898414612,
                    0.09088949859142304,
                    2.9302399158477785
                ],
                [
                    -0.06993450224399567,
                    -0.09404250234365463,
                    -0.9931089878082275,
                    0.29909199476242068
                ],
                [
                    0.9964439868927002,
                    0.040302298963069919,
                    -0.07398589700460434,
                    0.29237300157546999
                ],
                [
                    0.0,
                    0.0,
                    0.0,
                    1.0
                ]
            ]
        },
        {
            "file_path": "",
            "depth_file_path": "",
            "fx": 1546.752685546875,
            "fy": 1546.40576171875,
            "cx": -720.5,
            "cy": -720.5,
            "transform_matrix": [
                [
                    0.04698240011930466,
                    -0.9947519898414612,
                    0.09088949859142304,
                    2.9302399158477785
                ],
                [
                    -0.06993450224399567,
                    -0.09404250234365463,
                    -0.9931089878082275,
                    0.29909199476242068
                ],
                [
                    0.9964439868927002,
                    0.040302298963069919,
                    -0.07398589700460434,
                    0.29237300157546999
                ],
                [
                    0.0,
                    0.0,
                    0.0,
                    1.0
                ]
            ]
        },
        {
            "file_path": "",
            "depth_file_path": "",
            "fx": 1546.752685546875,
            "fy": 1546.40576171875,
            "cx": -720.5,
            "cy": -720.5,
            "transform_matrix": [
                [
                    0.04698240011930466,
                    -0.9947519898414612,
                    0.09088949859142304,
                    2.9302399158477785
                ],
                [
                    -0.06993450224399567,
                    -0.09404250234365463,
                    -0.9931089878082275,
                    0.29909199476242068
                ],
                [
                    0.9964439868927002,
                    0.040302298963069919,
                    -0.07398589700460434,
                    0.29237300157546999
                ],
                [
                    0.0,
                    0.0,
                    0.0,
                    1.0
                ]
            ]
        },
        {
            "file_path": "",
